lnchprg	enroll	staff	math10	totcomp
1.4	1862	112.6	56.4	44918
2.3	11355	101.2	42.7	59092
2.7	7685	114	43.8	51854
3.4	1148	85.4	25.3	37555
3.4	1572	96.1	15.3	35326
3.4	2496	101.1	46	42696
3.6	3358	87.6	33.6	44797
3.6	11983	96	40.1	48218
4.2	3499	102.8	42.1	43704
4.2	5095	145	39.8	40835
4.5	16793	106.9	30.8	49613
4.5	984	100.9	14.6	52064
5.1	1116	107.1	51.1	39992
5.5	4156	101.2	29.2	34995
5.5	4046	99.9	49.7	47439
5.6	10695	125.8	42.6	47613
5.8	3117	122.8	35	45138
6.1	2168	108.4	35.9	42091
6.2	2317	80.3	17.8	44337
6.2	1391	109.3	25.5	37510
6.3	3691	82.7	33.2	41946
6.3	1673	103	39.6	37939
6.7	2671	84.2	30.3	41977
6.8	650	97.6	54.8	41027
6.9	2119	89.2	62.4	39718
7.8	1002	110.8	29.7	30699
7.8	2549	84.6	36.9	49088
8	5805	98.9	22.4	38782
8	2822	91.3	23.9	48499
8.1	5491	98.4	39.2	41897
8.2	2331	120.5	22.9	46492
8.3	4725	95.7	27.8	47829
8.4	2629	102.5	36.9	40791
8.4	2475	119	37.3	40191
8.5	1278	94.5	21.3	34028
8.6	8016	95.4	48.7	43302
8.7	913	95.2	34.2	36481
8.8	891	93.7	32.8	40492
8.8	5125	102.8	33.2	41207
9	3263	101.7	31.7	34210
9.1	444	111.3	20	31028
9.1	10591	107	28	47662
9.2	13684	96.1	23.4	63518
9.3	5926	107.8	42.9	33129
9.3	2100	103	16.8	44563
9.4	669	105	30.9	36183
9.5	1789	83.2	16.2	45051
9.5	2674	89.6	23.6	55229
9.6	2405	99.4	18.1	39946
9.6	891	150.1	30.5	38478
9.7	2933	89.1	28.1	34992
9.7	1617	104.4	25.5	32145
9.7	3341	95.6	35.1	43983
9.7	4132	80.1	47.7	60400
9.8	4077	83.4	26.8	43592
9.9	4776	94.9	26.8	42627
10.2	734	85.8	25.5	40669
10.2	4242	81.4	32.2	55464
10.3	3299	68.9	36.6	42529
10.3	511	104.7	37.8	40508
10.4	10571	81	23.4	47877
10.5	1837	95	31.3	48170
10.6	3003	108.4	12.7	37833
10.6	3233	95.9	20.4	50035
10.7	2718	82.6	33.3	38508
10.7	3003	123.9	20.7	43012
10.8	4528	81.5	19.7	44098
11	2789	96.3	25	43210
11.1	2625	94.7	24.3	45252
11.1	3268	122.6	32.5	47402
11.2	1767	92.1	25.8	46219
11.4	5005	95.8	29.8	43823
11.7	1135	103.3	16	36661
11.7	3427	97.5	38.8	40175
11.9	2504	94.2	23.6	38163
11.9	1882	106.5	23.7	36554
12	2054	93.9	18.9	34939
12	3707	97.9	31.6	36306
12	2963	91.3	33.3	41732
12.3	3210	103.3	23.3	37495
12.4	760	108.1	25.4	33613
12.5	7653	114.6	29.6	54703
12.6	1039	95.2	13.5	39313
12.6	3084	93.4	24.1	40876
12.9	2656	112.7	24.3	32380
13.1	1860	92.3	14.8	38117
13.1	808	88	29.8	42238
13.1	4704	118	18.7	32393
13.1	4521	99.3	25.9	52488
13.2	2423	100.7	32.9	37996
13.3	2774	91.3	37.2	39295
13.4	4903	85.7	23.6	42697
13.7	4941	91.8	16.3	37420
13.7	4913	108.1	25.5	44586
14	4305	89.9	12.4	45864
14.1	3376	90.6	31	41403
14.1	682	110.3	30.2	32265
14.2	1824	96.9	40.1	45883
14.3	1663	93.8	27.6	37519
14.4	1480	101.3	30.5	31833
14.4	1844	102.5	21.1	32886
14.4	2221	113.5	14.5	37917
14.7	2064	106.3	20.5	32146
14.7	3434	99.9	32.2	37425
14.8	1647	99.9	21.5	32600
14.8	2670	100.8	24.5	34643
14.8	5759	103.6	30.7	42952
14.9	8201	93.3	27.2	51310
15	3087	93.9	24.8	39268
15	1689	95.2	24.8	38563
15.2	3626	96	26.8	38471
15.2	3394	86.9	18.3	44226
15.2	8777	114.7	43.9	45700
15.3	4350	97.5	17.9	42378
15.3	2170	95.7	19	54512
15.7	946	102.5	30.6	35986
15.9	899	111.8	18.9	33702
16	2363	102.1	25	34815
16	2553	98	12.6	41093
16.2	3480	92.7	14.4	37056
16.3	1766	86.7	18.3	40383
16.3	4192	104.3	26.6	35640
16.4	412	99.5	12.5	33049
16.4	1480	89.2	33.3	38197
16.4	1068	96.3	29.3	37229
16.5	1168	82.6	23.5	39313
16.7	894	94.7	17.6	35613
16.8	666	104.3	2.4	37044
16.9	964	101.3	29.2	32990
17	4035	90.1	19.7	42272
17.2	1122	104.3	23	39694
17.3	1623	99.5	33	31961
17.3	1491	95.9	23.7	38436
17.3	1765	118.4	15.4	43786
17.5	2195	80.1	32.7	40042
17.8	880	83.8	25	43659
18	1655	96.7	28.7	33325
18	3480	99	11	35028
18.1	1327	105.3	23.5	45103
18.3	1551	101.2	26.8	34288
18.3	5344	104.1	28.9	38619
18.4	1210	95.2	15.9	34709
18.4	222	122.5	53.8	38524
18.5	1165	104.7	15.4	34828
18.5	1026	110.9	39.7	42295
18.7	1601	92.4	16.4	45024
18.7	594	123	29.7	40647
18.9	2395	96.7	23.4	34029
18.9	9044	83.3	12.1	47598
19	1260	114.6	10.8	27146
19	1242	109.5	25.3	30932
19	5014	84.6	34.7	43626
19	14570	142	50.5	44040
19.1	7563	107.8	42.7	41678
19.2	1564	95.3	11.3	35358
19.2	10662	123.2	21.7	37462
19.3	2295	90.9	19.5	41041
19.4	3976	121.4	50.2	46683
19.5	2832	86.4	27.4	37608
19.6	2040	85.8	23	43650
19.6	2865	114.7	17.3	40749
19.7	2754	89.8	27.6	35861
19.7	2602	81.7	10.9	44058
19.8	2066	87.9	42.5	39023
19.9	3044	95.9	31.6	37949
20	2255	89	23.9	37412
20	2580	96.7	33.2	37928
20.1	2630	87.5	25.3	39816
20.1	3461	95.1	24	37896
20.1	2593	119.5	22.6	51776
20.2	2428	85.6	21.4	38918
20.2	740	115.9	9.8	30338
20.3	1703	97.1	37.5	36516
20.3	5046	104.8	16.7	36652
20.4	1818	92	21.7	38880
20.4	3830	96.1	27.2	39156
20.4	1119	100.5	10.4	37321
20.5	2102	99.4	16	36373
20.6	1499	89.9	22	35899
20.9	3016	94.5	19.7	33556
20.9	4797	86.3	21.8	46972
21.1	2840	95.9	26.3	35780
21.3	7003	109.3	14.8	34213
21.6	1750	91.5	12.4	36584
21.6	3945	91.5	28.4	37206
22	1712	91.5	13.2	36914
22	1202	100.7	25	35290
22.1	1305	93.6	19.2	33567
22.1	2624	89.4	20.6	41400
22.3	1438	86.2	16.7	36698
22.3	4306	93	27.1	39796
22.3	757	91.8	42.3	41598
22.6	967	89.4	36.8	34130
22.6	3959	95.1	24	39185
22.7	943	99	27.9	37114
22.9	1889	88.2	26.1	33406
23	10761	107	31.7	35658
23.1	1943	95.7	18.8	37267
23.2	1055	86.1	24	35350
23.4	913	92.7	36.8	37470
23.6	602	104	11.6	29793
23.7	917	113.4	18.6	32120
23.8	598	100.3	18.8	31168
23.8	1102	113.4	16.2	31050
23.9	297	124.6	8.3	26012
23.9	1802	94.3	34.1	39622
24.1	4065	94.3	21.8	36232
24.2	2910	86.4	19.7	38655
24.2	1285	85.6	4.3	39821
24.3	2031	85.7	26.5	35839
24.3	6901	100.6	14.3	40845
24.5	2347	84	21.1	42615
24.6	1161	88.7	35.2	34845
24.7	1164	102.4	23.5	38830
24.7	672	131.9	8.3	37968
24.9	1285	83.1	20.4	38348
25	1723	101.9	16.3	39044
25.2	930	107.2	27.4	33185
25.2	507	108.7	22.2	33834
25.2	1072	94.8	5.8	41649
25.7	1362	97.8	19	33850
25.9	914	90.5	19.2	43129
25.9	6220	82.6	15.1	53002
26.1	626	107.5	20.6	36827
26.1	7252	95.7	22.1	41929
26.3	747	100.9	12.2	31268
26.3	1179	103.5	26.3	38112
26.4	1610	94.1	22.5	36733
26.6	2528	90.9	30.3	40864
26.7	2150	91.6	23	37525
26.7	3505	82	11.9	43992
26.9	2246	101.5	36.6	33489
27	5174	99.4	24.4	46541
27.1	1033	105.3	23.6	33333
27.2	2580	81.4	16.4	41675
27.2	1234	90.3	60.6	36787
27.2	4630	85.8	24	39784
27.4	1447	96	16	31736
27.4	1765	90.7	27.5	33515
27.4	273	108.1	44.4	32902
27.5	2375	90.8	24.7	34632
27.5	1134	97	15.4	34798
27.7	1858	85.3	23.7	36302
27.7	2030	90.1	26.3	38404
27.7	2163	116.2	29.1	31252
27.7	1415	96.5	25.6	40856
27.8	1575	90.4	21	39930
27.9	1440	80.8	37.8	39466
27.9	2692	95.2	38.2	41388
28	2137	116.3	10.1	45281
28.1	2517	109.3	15.5	56234
28.3	1047	108.4	16.7	30034
28.6	995	88.7	16.4	37013
28.7	888	99.7	26.7	33692
28.7	2009	103.2	17.4	34175
28.7	390	115.4	48	37748
29	1646	90.2	34.1	33192
29	10971	91.3	19.8	37816
29	894	89.5	34	38836
29.1	1084	89.5	39	34459
29.1	1827	93.1	19.3	35861
29.2	1100	112.4	20.5	30934
29.3	3271	96.6	14.8	33909
29.4	1215	84.5	30.6	33701
29.5	984	75.4	17.9	36721
29.6	1204	99.2	8.5	34033
29.6	751	104.1	20.6	34372
29.8	13932	88.2	18.8	43697
29.8	5497	110.4	27.9	41711
29.8	2928	86.5	18.2	56503
29.9	2606	97.2	24.6	34006
30.4	1480	108.7	22.4	32425
30.6	1969	101.4	30.3	32847
30.7	2689	101	31.2	40329
30.8	3005	100.2	25.4	36837
30.9	5945	94.3	20	35732
31	538	101.6	32.3	30738
31.1	739	95.1	20	33227
31.1	1736	103.6	21.2	37671
31.1	450	111.5	36.7	44254
31.2	1144	87.6	27.8	38921
31.3	1514	109	20.6	30752
31.3	382	100.6	32.3	37175
31.4	570	109.1	31.3	31310
31.5	533	120.1	45.5	38902
31.7	1991	97.7	22.1	38632
32.1	1980	96.9	22.4	34268
32.2	1615	98.5	31	32386
32.2	2475	92.2	27.9	36097
32.3	2074	100.4	32.9	33764
32.3	2482	101.9	17.9	35616
32.3	491	112.8	36.7	36543
32.3	13608	111.8	22.1	45158
32.4	5045	87.3	26.2	44295
32.5	1067	102.8	17.5	29587
32.5	3839	84.9	27.1	38585
32.6	471	125.4	11.6	29142
32.9	1119	99.4	24.1	31456
32.9	5466	127	29.3	44094
33	1222	89	25.6	37088
33.2	578	88.9	26.2	41083
33.2	753	107.4	17.2	41633
33.4	1643	103.2	18.4	35586
33.6	2506	89.8	27.1	36582
33.6	271	166.6	25.8	33845
33.8	2171	87.6	16.2	34008
33.9	729	99	10.3	38994
34	2311	104.9	13.8	29571
34	883	94.8	29.5	34198
34.1	621	94.9	29.8	35878
34.1	424	117.3	12.2	31453
34.2	1470	87.1	9.8	36410
34.3	991	107.5	9.8	33865
34.3	12605	105.5	9.4	44523
34.5	4572	108	18.7	37638
34.6	575	113.9	15.4	28526
34.8	1173	116.7	20.7	29305
35	1337	97.3	44.8	35008
35.1	519	93.2	14.3	34167
35.4	3334	119.2	5.2	43138
35.4	226	162.8	66.7	34844
35.5	1647	110.8	21.1	30881
35.6	747	85.8	26.1	36346
35.6	1698	91.1	23.7	35415
35.8	757	110.4	11.9	28929
35.9	282	131.2	38.9	41801
36.2	1419	107	15	33138
36.3	2480	108.5	8.5	34089
37.3	2839	96.8	27.5	29688
37.3	398	104.3	38.5	30271
37.6	507	96.4	22.6	38831
37.7	2491	93.5	12.4	36095
37.9	8187	99.9	18.1	36256
38	332	98.3	38.9	33824
38	541	106.7	12.1	31800
38.1	9105	99.7	21.4	38367
38.1	624	125	18.9	35862
38.3	2011	90.7	20.5	36215
38.6	1199	103.8	33.3	34119
38.6	507	118.3	10.3	29668
38.7	434	122.7	10.5	29947
38.8	1874	110.3	15.3	28749
39	3349	90.9	15.3	35821
39	340	140.2	13.8	28312
39.2	799	98.3	27.8	32628
39.2	1100	99.7	28.8	42893
39.3	2901	94.1	18.8	35413
39.4	2115	106.2	19.3	46661
39.6	2135	88.7	17.7	35826
40	2060	97.7	22.5	34502
40.3	3762	82.8	24.8	46582
40.5	1887	143.6	17.7	33362
40.6	1492	91.5	12.9	33380
40.6	1828	91.9	25	33827
40.6	668	121.3	12.5	29212
40.7	878	97.5	16.3	40344
40.8	481	121.3	22.2	32541
41.1	333	80	25.9	37139
41.7	1204	117.7	11.8	35260
42.3	1604	103.2	17.4	30984
42.3	1174	100.2	20.3	35344
42.3	1244	106.1	14.3	34351
42.4	1789	112.7	15.6	33622
42.7	212	120.3	18.8	26853
42.9	385	118.2	17.4	32275
43.6	2139	89.7	16.3	41100
43.9	12105	111.7	21.9	41545
44.1	524	99.2	15.4	32806
44.1	2005	99	15	37033
44.4	336	101.5	21.7	31451
44.9	546	109.9	14.6	40908
45	1813	65.9	44.2	51959
45.1	412	112.6	15.4	32220
45.1	1330	108.6	17	34366
45.1	6931	98.7	16	42027
45.2	4254	108.7	7.3	39545
45.4	1686	86.6	37.1	36237
45.7	394	115.8	26.8	29044
46	761	113	6.1	30276
46.2	358	120.9	22.9	34257
46.7	2210	96.8	14	50684
47.9	13454	129	6.6	38380
48.3	1656	110.1	8.2	31208
48.3	1448	112.9	18.1	31066
48.4	759	106.7	23.2	30986
48.4	590	111.8	23.5	30528
48.5	303	108.9	33.3	29310
49.2	488	89.9	30.6	36392
49.7	626	110.2	20	32311
49.9	852	123.3	4.4	25483
51	1266	90.6	16.9	36507
51.2	1964	78.7	14.5	41934
51.2	9166	101.8	11.2	42589
51.6	14733	107.3	10.2	41300
51.7	865	103.5	15.2	31417
52.3	1668	104.9	16	31377
52.9	688	109.7	30	29044
54	702	131.4	15.5	41536
54.3	2171	92.3	4.9	35545
55.2	2264	118.7	20.3	35156
55.9	820	86.9	1.9	35109
56.8	1658	126.4	5.8	38767
59.9	363	134.8	5.9	24498
60.9	1689	78.4	7	51324
61.1	2631	100.7	8.1	42675
73.8	4024	85.2	11.5	38898
74.4	850	122.4	9.5	35723
79.5	7585	93.3	2.7	41327
